মাধ্যমিক বাংলা রচনা

6.

10.

11.

12.

13.

/& 0015 801156 হা)ণা। 21589 00105 11100 001 6৮061011105, 76 15 109৬6] 10 2 10017% 2100 11601
7911100 11810. 9001) & 10181) 106০1 91991709 ৪. 911610 [71010011001 1001711. [70 11060119995 ৪.
1961 0172179ড/9760. 176 0995 1101 991 1019 1)0110 (0 10017 (1110185 8 ৫. 11006 0011 ৮71)610 106 01709
01100169109 10 00 ৪ 11178 110 009০9 17011991 (111 1619 ড/0]] 0151)00.

116 2768 908100856 (সুবিধা) 01 98119 1151106 15 1176 090 91811 1 8169 11 001 0255 ৬1011.
[16 68119 1190] 1085 00106 10080 00181011011] 54011 99016 00116] [00] 1186 801 ০0 01
060. 1) 62119 17017710511) 10110 15 ?ি9911) (সতেজ) 2100 11616 216 16791 0150011021)095. 90, 1116
011 00109 86 018 01176 19 £91761911% ৬111] 0০ ৫0009. 7৮ 0০5101175 30 98115, 176 1070৬730119 119
125 01601 ০ (076 10 00 211 116 ৬1011. 10101008115, [79 15 1001 1070191010, 19105190 (প্রবৃত্ত
হওয়া) 00 100ায.

76909] 0109790 01081 8]] 90106190110019 (কুসংস্কার) 8০০০ 010100178 210 11000 01116 9110110 06
21৮০0 0. [6 01800 (016 ৮401091108০ 01) (361: ৬০115 (ঘোমটা), ৪10. ৪১০৪ ৪10 01০8015
(শ্বাস-প্রশ্বাস নেওয়া) 75615 1) 019 58006 765 23 1191. [6 10806 9৫0081001 799 2170

90000015015 (বোধ্যতামূলক) 10 811 0)11011. [76 0:008110 5৮/900106 (ব্যাপক) 10100৬60901]
(উন্নতি) 10119 000010%. 1709 70119054101 019 9100185 01 ৪ £18101 21005415001 01৪. 9889.

[116 100 8110 016 1) 1190 9. 00916] 89 10 ৮7110 585 1179 810011991. 1090 101101] ৪. 1001) 02119
%48111115 81016 1079 1080. 119 9010 5910, "10 %00 999 1116 11811? [.9 05 580 ড511101) 0105 ০810
11081091110) (81০ 0101015 ০08, 170 ৮170 9100990 19 1110 5(1011901.1

7701016 15 1116 191 501100] %%17015 11)6 01)110 1981715 119 1151 199900. 116 5995, 19215 2100
75515 10 16৪) 26 1)0176. 1619 1176 11076 0178 001103 1719 01191806]. [7 ও. 50900 1101016 1)01799
8100 11621119 1001) 816 11806, 7301 10001891106 8 110179 9190115 ৪ 010110.

[00080010109 100 00. 5০ 00 9110010109০] 09 /0থ] 19801105. 1৬1010% 90107 1001) 01059 01161]
7009013 %%1761) (1167 119০ (2101) 11161 09819658110 1681) 110 11016. 11116161016, 11165 9900
101891 811 11195 119৬6 6৮০1 16817160. 1 /00 ৮/210 (0 000010016 90] 9000811010, 900 100190000
(000 10199110015 1980115.

10512051151) 815 11090 107 11161 109. 06 %91799 8170 90015. 10176% 816 0750 01) 10 1 001
07110110090. 0817095, 9001) 99 109019811, 10001065810 01101061 810 [19500 11) 911 5019015 2110
079 0059 10195 1106] ৬710) 21681 110095905 015 01851770151) 09110991199 006890 11 (11617 1119
90010176 91011

009০৫ [01981011019 210 2190 10100118171 ৮1101] 900 216 ৮101) 00] 0101705, ৬41০1) 9০0. 90০81 60
21090116, 99681 01681] 210 01911101011 001 [991501) (0 11681. 115 817 1190] 10 ৪. 901:501 10 89.
1019 81151711010 8100 17610 50681 50 11181 1)6 00995 1001 0110019191)0 %01]. 4৮00 11179100001 1019 0101
16$0901051011109 (9 1008105 0015617 0100615(900.

৯৪

২০১৮